AM1 1SCF XYZ VECTORS ALLVEC DEBUG PRECISE GEO-OK CHARGE=0
furan AM1
 
 C      0.70797400 0    -0.99579500 0     0.00000000 0   0   0   0
 C     -0.70797400 0    -0.99579500 0     0.00000000 0   0   0   0
 C     -1.09050500 0     0.32544400 0     0.00000000 0   0   0   0
 O      0.00000000 0     1.13508800 0     0.00000000 0   0   0   0
 C      1.09050500 0     0.32544500 0     0.00000000 0   0   0   0
 H      1.36901700 0    -1.85082600 0     0.00000000 0   0   0   0
 H     -1.36901600 0    -1.85082600 0     0.00000000 0   0   0   0
 H     -2.04663000 0     0.82996700 0     0.00000000 0   0   0   0
 H      2.04663000 0     0.82996700 0     0.00000000 0   0   0   0
